2
2
4
5
6
7
9
10
12
14
15
16
17
18
19
20
21
22
23
24
25
26
33
34
35
35
36
37
38
39
40
41
42
44
45
45
46
47
48
50
51
52
54
55
56
58
59
60
61
63
65
67
71
72
75
77
79
80
83
85
86
87
88
89
90
91
93
94
95
96
97
97
98
99
100
101
102
103
105
105
106
107
108
109
110
110
111
112
113
114
115
116
117
118
119
121
123
126
127
136
137
139
140
142
145
146
147
149
151
153
154
157
159
160
162
163
165
167
169
170
171
171
172
173
173
174
175
176
177
178
179
180
181
182
183
184
185
186
187
188
189
190
191
193
196
197
198
200
201
203
204
205
206
208
209
210
211
212
213
214
216
217
218
218
219
220
221
221
222
223
225
228
229
230
231
233
234
236
237
238
239
240
241
242
243
244
245
246
247
248
249
250
252
254
255
256
257
257
259
260
261
263
265
266
267
268
269
270
271
272
273
274
275
276
277
278
279
280
281
282
283
284
285
286
287
288
289
290
291
292
293
295
296
297
299
300
301
302
305
306
307
308
309
310
311
312
313
315
317
318
319
320
321
323
323
324
326
327
328
332
332
333
334
335
335
336
337
338
339
340
341
342
343
344
344
345
346
348
350
351
352
353
354
355
356
357
358
358
358
360
361
363
364
365
366
367
368
369
370
372
373
374
375
376
377
378
379
380
381
382
383
384
385
386
387
388
390
391
391
392
393
394
395
396
397
398
399
400
401
402
403
404
405
406
407
408
409
411
412
412
413
414
415
416
417
418
419
420
423
424
425
426
428
429
430
431
433
434
435
436
437
438
439
442
445
446
447
449
450
450
451
452
453
453
455
455
456
457
458
459
461
462
463
464
465
466
467
469
471
473
474
475
475
476
477
478
479
480
481
482
482
483
484
485
486
487
488
489
490
492
492
493
494
496
497
499
500
503
505
506
507
508
509
510
513
514
514
515
516
517
520
521
524
526
527
530
531
533
533
534
535
536
538
539
540
542
544
545
545
546
547
548
548
549
550
551
552
554
556
557
559
560
563
564
565
568
569
570
571
572
572
573
574
575
576
577
578
579
580
581
583
585
586
587
588
589
590
591
592
593
595
597
598
599
600
602
603
604
605
606
607
609
611
613
614
615
616
617
618
619
619
620
620
621
622
623
625
626
627
628
630
631
633
634
635
636
637
638
639
640
642
644
645
646
647
648
649
651
652
653
655
656
656
657
658
659
660
662
663
665
666
667
668
669
670
671
673
674
676
677
678
679
679
680
681
682
683
684
685
686
687
688
689
690
693
695
697
698
698
699
701
702
703
703
704
705
706
707
708
709
710
710
711
711
713
715
716
717
718
719
720
721
723
724
725
726
727
728
730
731
732
733
736
740
741
742
743
745
747
747
748
750
751
752
753
755
756
757
761
762
763
764
765
766
766
767
768
769
769
770
771
772
773
773
773
774
774
775
776
777
778
779
780
781
782
783
784
785
786
787
789
790
791
792
793
794
795
796
797
798
799
799
801
802
803
804
805
806
807
808
809
810
812
815
815
816
817
820
820
821
823
824
826
828
829
830
833
834
835
836
837
838
839
840
843
844
845
846
847
848
849
850
851
853
854
855
856
857
858
859
860
860
861
862
863
864
865
866
867
868
870
871
872
874
875
876
877
878
879
880
881
882
883
884
885
886
886
887
888
889
890
891
892
893
894
895
896
897
897
897
898
899
900
901
902
903
903
904
905
906
907
908
910
911
912
913
914
916
918
920
921
922
923
926
927
928
934
936
936
937
938
939
941
942
943
944
944
946
947
948
949
950
951
952
953
954
957
958
959
960
961
962
963
964
964
965
966
967
968
969
971
973
974
975
976
978
979
980
981
982
984
987
988
989
990
991
991
992
994
995
997
998
999
1001
1003
1004
1005
1005
1006
1007
1007
1008
1009
1010
1011
1012
1014
1015
1016
1017
1018
1019
1020
1021
1023
1025
1026
1027
1029
1030
1031
1033
1035
1036
1037
1038
1039
1040
1041
1042
1043
1045
1046
1047
1048
1049
1051
1052
1053
1055
1058
1059
1060
1061
1062
1063
1064
1065
1065
1067
1068
1070
1071
1073
1074
1076
1077
1077
1079
1080
1085
1085
1087
1088
1091
1092
1094
1095
1096
1098
1099
1100
1101
1102
1104
1105
1107
1108
1109
1110
1111
1113
1114
1115
1119
1120
1121
1123
1124
1125
1126
1127
1128
1129
1130
1131
1132
1133
1134
1136
1138
1139
1140
1141
1142
1143
1144
1145
1146
1148
1149
1150
1151
1153
1154
1155
1156
1157
1158
1159
1161
1162
1163
1165
1166
1167
1168
1169
1171
1172
1174
1175
1176
1177
1179
1180
1181
1182
1183
1184
1184
1185
1186
1188
1188
1189
1190
1191
1193
1195
1196
1197
1198
1200
1201
1203
1204
1205
1206
1207
1208
1209
1210
1211
1212
1213
1214
1215
1216
1217
1219
1220
1221
1222
1224
1226
1227
1227
1228
1229
1232
1233
1235
1237
1239
1240
1241
1242
1243
1244
1245
1246
1247
1248
1249
1250
1251
1252
1253
1254
1255
1257
1258
1259
1262
1263
1264
1266
1268
1270
1270
1272
1272
1273
1274
1275
1276
1280
1284
1286
1288
1290
1292
1293
1295
1296
1297
1299
1300
1301
1302
1303
1304
1305
1306
1307
1310
1311
1312
1313
1314
1316
1318
1320
1320
1321
1326
1327
1329
1330
1331
1332
1333
1336
1337
1339
1340
1341
1342
1347
1350
1351
1352
1353
1354
1355
1355
1356
1358
1361
1364
1365
1366
1367
1367
1369
1371
1373
1374
1375
1376
1377
1378
1380
1381
1383
1384
1385
1386
1388
1390
1391
1392
1393
1394
1394
1395
1395
1396
1397
1398
1400
1400
1401
1402
1403
1403
1404
1406
1407
1409
1410
1411
1412
1413
1414
1415
1416
1417
1418
1419
1420
1421
1422
1422
1423
1424
1425
1428
1428
1429
1430
1431
1437
1441
1443
1445
1447
1448
1449
1450
1451
1452
1453
1455
1457
1458
1459
1461
1462
1463
1464
1467
1468
1470
1473
1474
1476
1478
1479
1480
1482
1483
1486
1488
1492
1493
1494
1495
1498
1499
1500
1501
1502
1503
1505
1506
1507
1507
1508
1508
1509
1511
1514
1515
1516
1517
1518
1519
1520
1522
1524
1526
1528
1530
1531
1532
1533
1535
1536
1537
1537
1538
1539
1541
1542
1543
1545
1546
1547
1548
1549
1551
1552
1553
1554
1557
1560
1561
1562
1563
1564
1565
1566
1567
1567
1567
1568
1569
1571
1573
1574
1575
1575
1576
1577
1579
1580
1582
1584
1585
1587
1588
1590
1591
1592
1593
1594
1595
1596
1597
1598
1599
1600
1601
1602
1603
1605
1606
1607
1608
1609
1610
1611
1612
1613
1614
1614
1617
1627
1628
1629
1631
1632
1634
1636
1639
1640
1641
1642
1647
1649
1650
1651
1653
1654
1655
1656
1657
1657
1658
1660
1661
1662
1663
1664
1665
1667
1669
1671
1672
1675
1676
1677
1678
1680
1681
1683
1684
1686
1688
1690
1691
1692
1693
1694
1695
1696
1697
1698
1700
1701
1702
1702
1703
1704
1705
1707
1708
1709
1710
1712
1713
1716
1717
1717
1718
1719
1720
1721
1730
1732
1733
1734
1735
1735
1737
1738
1739
1740
1741
1742
1744
1745
1746
1747
1748
1750
1751
1752
1753
1754
1755
1758
1759
1760
1761
1762
1764
1765
1766
1769
1771
1779
1780
1781
1783
1784
1785
1786
1788
1790
1792
1793
1795
1796
1798
1801
1802
1803
1804
1805
1806
1807
1808
1809
1810
1812
1813
1815
1817
1818
1819
1820
1821
1822
1824
1825
1826
1827
1828
1829
1830
1831
1832
1833
1834
1837
1838
1840
1841
1843
1845
1846
1847
1848
1849
1850
1852
1853
1855
1856
1857
1859
1860
1862
1863
1864
1866
1867
1868
1869
1870
1871
1874
1875
1876
1877
1878
1879
1880
1881
1882
1884
1886
1887
1888
1889
1890
1892
1893
1894
1895
1897
1898
1899
1900
1901
1903
1904
1906
1907
1909
1910
1911
1912
1913
1914
1915
1916
1917
1918
1919
1920
1921
1922
1923
1924
1925
1926
1927
1928
1929
1930
1930
1931
1933
1934
1935
1936
1938
1939
1940
1941
1942
1943
1944
1946
1947
1949
1950
1951
1952
1953
1954
1955
1956
1957
1958
1959
1960
1962
1963
1965
1966
1967
1968
1969
1970
1971
1972
1973
1975
1976
1977
1978
1979
1981
1983
1984
1986
1987
1988
1989
1990
1991
1992
1994
1995
1997
1998
1999
2000
2002
2003
2004
2005
2006
2007
2008
2008
2010
2011
2012
2015
2016
2017
2018
2019
2020
2021
2022
2023
2024
2026
2027
2029
2030
2031
2032
2033
2034
2035
2036
2037
2039
2041
2042
2043
2043
2044
2045
2046
2047
2048
2050
2051
2052
2055
2056
2057
2058
2059
2060
2061
2062
2064
2066
2068
2069
2070
2073
2074
2079
2082
2083
2084
2085
2086
2087
2088
2089
2090
2093
2095
2099
2101
2102
2104
2106
2108
2109
2111
2113
2114
2116
2119
2122
2123
2124
2128
2130
2134
2135
2139
2140
2141
2142
2143
2147
2148
2149
2150
2151
2152
2153
2154
2156
2157
2159
2160
2161
2166
2167
2168
2169
2171
2172
2173
2174
2175
2176
2177
2178
2179
2180
2181
2185
2186
2187
2188
2190
2191
2193
2194
2
3
4
5
5
6
7
9
10
11
12
13
14
15
16
17
18
19
20
21
22
23
24
25
27
28
29
30
31
32
33
34
34
35
36
36
37
38
39
40
41
43
44
45
46
47
47
48
49
50
51
52
53
54
55
56
57
58
59
60
60
62
63
64
65
65
65
66
67
68
69
71
72
73
74
75
76
77
78
79
80
81
81
82
83
84
85
86
87
88
89
90
90
91
92
94
95
95
96
97
98
99
100
101
102
105
106
107
108
109
110
111
112
112
114
115
116
118
119
120
120
120
121
122
123
124
125
126
127
128
129
130
131
131
132
133
134
135
135
136
136
137
138
139
140
142
144
145
146
147
147
148
149
150
151
152
153
154
155
155
157
158
158
158
159
160
161
162
163
164
165
166
167
168
169
169
170
172
172
173
174
174
175
176
177
178
179
180
181
182
183
184
185
186
187
188
189
190
191
192
194
195
196
197
198
199
200
201
202
203
203
205
205
205
206
206
207
208
209
209
210
211
211
212
212
213
214
216
217
218
219
220
221
224
225
226
228
229
230
231
232
234
235
236
237
238
239
240
241
242
243
244
244
245
246
247
248
249
250
251
252
253
254
255
256
257
258
259
260
261
262
265
266
267
268
269
270
271
272
273
274
275
276
277
278
279
280
281
283
284
285
286
288
289
290
292
294
295
296
297
298
299
