2
3
4
5
5
6
7
9
10
11
12
13
14
15
16
16
17
18
19
20
21
22
23
24
25
27
27
28
29
30
31
32
33
34
34
35
36
36
37
38
39
40
41
42
43
44
45
46
47
47
48
49
50
51
52
53
54
55
56
57
58
59
60
60
62
63
64
65
65
65
65
65
66
67
68
69
70
71
72
73
74
75
75
76
77
78
79
80
81
81
82
83
84
85
85
86
87
88
89
89
90
90
91
91
92
93
94
95
95
96
97
98
99
100
101
102
103
104
105
106
107
108
109
110
111
112
112
113
114
115
116
118
119
120
120
120
121
122
123
124
125
126
127
128
129
130
131
131
132
133
134
135
135
136
136
137
138
139
140
141
142
143
144
145
146
147
147
148
149
150
151
152
153
154
155
155
156
157
158
158
158
159
160
161
162
163
164
164
165
166
167
168
169
169
170
171
172
172
173
174
174
175
176
177
178
179
180
181
182
183
184
185
186
187
188
189
190
191
192
193
194
195
196
197
198
199
200
201
202
203
203
204
205
205
205
206
206
207
208
209
209
210
210
211
211
212
212
213
214
215
216
216
217
218
219
220
220
221
224
225
226
227
228
229
230
231
232
233
234
235
236
236
237
238
239
240
241
242
243
243
244
244
244
245
246
247
248
249
250
251
252
253
254
255
256
257
258
258
259
260
261
262
264
265
266
267
268
269
270
271
271
272
273
274
275
276
277
278
279
280
281
283
284
285
286
287
288
289
290
292
293
294
295
296
297
298
299
5
6
7
9
11
14
14
15
15
16
17
18
19
20
22
25
28
31
34
36
37
40
43
46
49
49
49
50
53
54
55
56
57
57
58
59
60
61
61
62
63
64
65
67
68
69
70
70
71
74
75
79
80
81
82
83
83
83
84
85
87
88
89
90
91
92
92
93
94
94
95
96
97
98
99
100
100
102
104
105
106
106
107
108
108
109
109
111
112
117
122
124
126
127
128
129
130
130
131
132
133
134
135
135
135
138
138
141
142
142
142
143
144
145
146
147
147
148
149
149
150
151
152
154
154
155
156
157
158
159
159
160
161
162
163
164
167
168
169
170
171
171
173
174
175
176
177
178
179
180
181
182
182
182
183
183
184
185
186
186
186
187
188
189
190
191
194
195
196
197
198
199
200
201
202
203
203
204
205
206
207
208
209
211
212
212
213
213
214
215
216
217
219
220
221
222
223
224
225
226
226
228
229
230
231
232
233
234
235
236
237
238
239
240
240
241
242
243
244
245
246
247
248
250
251
252
252
253
255
255
256
257
258
259
261
262
262
263
264
265
265
265
266
266
266
266
266
267
267
268
269
269
270
271
272
273
273
274
274
275
276
277
277
278
279
280
281
281
282
282
282
283
284
285
286
287
287
287
287
287
288
289
290
291
292
293
294
295
296
297
298
299
299
299
300
301
302
303
303
304
304
304
305
306
306
307
308
308
309
310
311
312
313
314
315
316
317
318
319
319
322
322
324
325
326
327
328
329
329
330
331
332
332
333
334
335
336
337
337
338
338
339
339
340
341
342
342
343
344
345
346
347
349
349
352
354
355
356
357
357
358
359
360
361
361
362
363
364
366
366
367
368
369
370
371
372
373
374
374
375
376
377
378
379
380
381
382
383
384
386
386
387
388
390
391
393
393
393
395
397
399
400
401
401
401
403
404
405
405
407
408
409
409
410
411
412
413
414
415
416
416
417
418
419
421
423
424
429
430
432
435
436
437
437
438
439
440
441
442
442
443
444
445
446
446
446
447
448
449
450
450
451
452
452
453
453
454
454
454
455
456
456
457
458
459
460
460
461
462
463
464
465
466
467
467
468
469
470
472
473
474
475
476
483
486
487
487
488
489
490
491
492
493
493
496
497
500
503
507
508
509
511
511
511
512
513
514
514
515
517
518
520
521
522
523
524
524
525
526
528
529
530
531
532
533
535
535
536
537
538
539
540
543
544
545
546
546
547
547
548
549
550
551
552
553
555
556
557
557
557
558
558
559
559
560
561
561
563
565
566
567
567
568
577
582
584
586
589
590
591
592
594
595
596
598
600
604
604
606
607
608
609
610
610
611
612
612
613
613
614
615
615
616
617
618
619
619
619
620
621
622
623
624
625
626
627
628
629
630
631
632
632
633
633
634
634
634
635
636
637
638
639
640
641
642
642
643
646
647
648
648
649
650
651
653
654
655
655
656
657
657
658
659
660
660
660
661
661
662
663
663
664
665
666
667
669
670
671
675
676
677
677
678
679
679
680
681
685
686
687
688
689
689
689
689
690
693
697
698
700
700
700
701
702
703
704
705
706
707
708
708
709
710
711
712
712
713
715
716
718
720
720
721
722
722
726
727
729
729
730
731
731
731
731
731
731
732
733
736
738
739
741
743
744
745
746
746
747
748
749
750
751
751
752
754
755
756
756
757
758
759
760
761
762
762
762
763
763
765
766
767
768
769
769
771
772
773
774
775
776
778
779
780
781
781
781
782
783
784
785
786
787
787
788
789
790
791
792
793
794
794
795
795
796
796
797
798
799
799
799
800
801
802
803
804
805
807
808
809
810
812
813
815
816
817
818
818
819
820
821
822
822
823
824
825
828
829
829
829
829
830
833
834
834
835
837
840
842
844
845
846
851
851
852
853
853
853
854
854
855
856
857
858
860
862
863
864
865
866
867
868
868
870
872
873
874
874
875
876
877
878
879
880
881
882
883
884
887
888
889
890
892
894
895
897
899
900
901
902
908
911
913
914
917
919
920
920
920
921
922
923
925
926
927
927
930
931
932
934
936
937
938
938
939
940
943
943
943
944
945
946
947
947
948
949
950
951
952
954
958
959
960
961
962
962
963
964
965
966
967
968
969
969
970
970
971
972
972
973
973
974
975
976
976
976
978
979
982
983
984
984
985
986
987
987
988
989
990
990
991
992
994
995
996
997
1000
1001
1002
1002
1003
1004
1006
1006
1007
1010
1012
1013
1014
1015
1016
1017
1018
1020
1023
1024
1024
1025
1025
1026
1027
1029
1031
1032
1033
1034
1034
1034
1042
1046
1047
1047
1048
1048
1049
1049
1054
1056
1056
1056
1057
1058
1058
1059
1060
1061
1061
1062
1063
1063
1064
1065
1065
1066
1067
1068
1068
1069
1070
1070
1071
1072
1072
1076
1078
1084
1086
1087
1089
1091
1092
1093
1094
1095
1096
1097
1097
1098
1101
1103
1106
1107
1108
1110
1113
1114
1114
1114
1116
1117
1120
1121
1121
1122
1123
1124
1125
1126
1126
1127
1127
1127
1129
1130
1131
1133
1134
1134
1135
1136
1137
1137
1138
1140
1140
1141
1143
1143
1143
1144
1145
1146
1147
1148
1150
1151
1151
1152
1153
1154
1159
1160
1161
1161
1162
1162
1163
1164
1165
1166
1168
1169
1169
1170
1171
1172
1172
1172
1173
1174
1174
1174
1175
1176
1177
1178
1179
1180
1181
1181
1181
1181
1181
1181
1181
1181
1182
1183
1184
1185
1186
1187
1188
1189
1190
1191
1192
1193
1194
1195
1196
1197
1197
1198
1198
1199
1200
1201
1202
1203
1204
1205
1207
1208
1209
1210
1211
1212
1213
1214
1215
1216
1217
1217
1218
1219
1219
1220
1221
1222
1223
1224
1227
1238
1238
1239
1241
1242
1242
1244
1245
1246
1247
1251
1252
1253
1254
1254
1255
1256
1256
1258
1260
1261
1262
1263
1263
1264
1265
1266
1267
1267
1268
1268
1269
1270
1271
1272
1272
1273
1274
1275
1277
1278
1279
1281
1281
1281
1282
1282
1283
1284
1284
1285
1286
1288
1291
1292
1294
1295
1296
1297
1297
1297
1299
1301
1302
1303
1304
1305
1306
1306
1307
1308
1308
1309
1310
1311
1312
1312
1313
1313
1313
1313
1313
1314
1315
1316
1316
1317
1318
1319
1321
1322
1323
1323
1324
1325
1326
1327
1328
1330
1330
1331
1333
1334
1335
1335
1337
1338
1339
1340
1340
1341
1342
1342
1342
1343
1344
1344
1344
1344
1344
1344
1345
1346
1347
1348
1350
1351
1354
1354
1354
1355
1355
1356
1357
1358
1360
1361
1362
1363
1364
1366
1368
1369
1370
1371
1372
1373
1373
1374
1375
1376
1377
1378
1379
1380
1381
1381
1382
1385
1386
1387
1388
1389
1390
1390
1391
1392
1394
1395
1396
1397
1400
1402
1404
1407
1407
1408
1409
1411
1412
1413
1413
1414
1415
1415
1415
1415
1416
1417
1418
1419
1420
1422
1422
1423
1424
1425
1425
1426
1427
1428
1428
1429
1430
1432
1433
1434
1434
1435
1436
1437
1438
1438
1439
1439
1440
1441
1443
1444
1445
1446
1447
1448
1449
1450
1451
1452
1453
1454
1455
1457
1457
1458
1458
1458
1459
1460
1461
1462
1463
1464
1465
1466
1467
1468
1468
1469
1470
1471
1471
1472
1473
1473
1474
1475
1477
1477
1478
1479
1481
1481
1481
1482
1483
1484
1484
1484
1485
1486
1487
1489
1489
1489
1490
1491
1494
1497
1498
1499
1500
1501
1502
1503
1504
1506
1508
1508
1509
1510
1511
1511
1512
1513
1514
1514
1515
1515
1515
1518
1519
1520
1520
1522
1523
1523
1524
1525
1526
1529
1530
1531
1532
1533
1534
1535
1536
1536
1537
1538
1543
1550
1552
1554
1558
1559
1567
1568
1572
1573
1574
1576
1581
1585
1589
1592
1594
1595
1601
1602
1603
1603
1604
1610
1612
1613
1619
1620
1621
1622
1623
1629
1630
1631
1632
1634
1636
1638
1639
1641
1643
1643
1643
1644
